238 1
173 1
46 1
57 1
116 1
251 1
86 1
316 1
270 1
17 1
209 1
118 1
54 1
236 1
137 1
241 1
355 1
362 1
138 1
99 1
13 1
328 1
193 1
104 1
168 1
185 1
142 1
114 1
162 1
187 1
22 1
197 1
69 1
40 1
239 2
318 2
140 2
344 2
165 2
348 2
341 2
353 2
127 2
58 2
119 2
285 2
33 2
105 2
354 2
183 2
284 2
315 2
379 2
194 2
136 2
85 2
314 2
291 2
188 2
312 3
246 3
310 3
107 3
290 3
53 3
327 3
174 3
161 3
219 3
216 3
135 3
68 3
269 3
2 3
357 3
313 3
373 4
218 4
132 4
56 4
350 4
8 4
361 4
281 4
229 4
176 4
170 4
195 4
265 4
381 4
275 4
309 4
102 5
37 5
115 5
179 5
232 5
220 5
224 5
144 5
27 5
235 5
172 5
383 5
44 5
34 6
19 6
196 6
201 6
163 6
80 6
189 6
130 6
211 6
100 6
117 6
141 6
382 6
95 7
347 7
205 7
377 7
55 7
358 7
159 7
3 7
122 7
28 7
108 7
360 7
25 7
368 8
369 8
365 8
378 8
366 8
364 8
367 8
376 8
133 8
380 8
230 9
38 9
171 9
154 9
78 9
243 9
146 9
227 9
282 9
186 9
62 9
42 10
299 10
306 10
139 10
276 10
263 10
166 10
35 10
337 10
156 10
375 11
192 11
11 11
148 11
129 11
363 11
184 11
167 11
253 11
283 11
237 11
63 11
297 12
319 12
47 12
97 12
286 12
308 12
157 12
30 12
249 12
325 13
333 13
352 13
49 13
346 13
41 13
288 13
268 13
4 13
72 13
204 13
106 14
339 14
124 14
261 14
147 14
66 14
52 14
14 14
221 14
111 14
153 14
74 15
250 15
234 15
96 15
329 15
152 15
326 15
274 15
351 15
385 15
91 15
305 15
6 15
280 15
384 15
121 16
149 16
254 16
50 16
359 16
61 16
212 16
158 16
7 16
112 16
296 17
267 17
76 17
256 17
320 17
302 17
289 17
349 17
9 17
300 18
64 18
45 18
92 18
262 18
225 18
70 19
252 19
279 19
84 19
264 19
160 19
273 19
16 19
98 19
338 19
1 19
134 19
113 19
65 19
294 20
87 20
208 20
244 20
226 20
343 20
177 20
150 20
26 20
214 21
331 21
175 21
128 21
24 21
109 21
178 21
248 22
155 22
82 22
191 22
23 22
258 22
29 22
210 22
131 22
77 23
233 23
295 23
345 23
164 23
213 23
307 23
103 23
228 24
75 24
245 24
12 24
182 24
59 24
324 24
257 24
342 24
79 25
90 25
203 25
292 25
101 25
36 25
266 25
10 25
370 26
202 26
298 26
51 26
143 26
278 26
5 26
272 26
200 26
332 26
303 26
335 26
21 27
125 27
334 27
81 27
322 27
110 27
242 28
255 28
231 28
317 28
198 28
311 29
301 29
94 29
169 29
206 29
60 29
67 29
181 30
32 30
330 30
126 30
287 30
259 30
247 31
207 31
223 31
180 31
356 31
321 31
277 31
71 32
340 32
123 32
83 32
48 33
215 33
151 33
15 33
199 33
304 33
260 34
336 34
89 34
145 34
18 35
43 35
190 35
271 35
372 36
374 36
371 36
222 37
293 37
323 37
20 38
120 38
93 38
73 38
39 39
240 39
217 39
88 40
31 41
